9958320
10170807
6196388
5000364
14345667
6740569
4989955
2810279
5390093
15072183
5221632
16246155
5682919
2616569
10790308
557818
7014992
14190354
9985525
3251067
4338661
5156659
11925047
13040872
10878073
4921106
5841617
3515885
7250005
3654020
1146194
15008446
10401812
4042139
15104029
8440277
445228
6721378
6409857
3261443
804458
6908309
10347842
5258841
10832973
13547083
7704103
14946518
6310991
6633163
9320688
10038573
6789829
10836196
13286053
11352643
5034608
16031402
6811333
7177750
5458129
15215810
15454787
3096723
7417464
8300903
5956986
7382941
159418
3917207
6138159
15995245
11525400
12585866
13623390
16688360
5316455
330748
6630966
1589874
3407983
4122330
975745
2540780
6118249
4584901
5652733
10474138
905713
14972907
9024643
184164
3429305
3984178
3215201
10819330
16308639
11887804
9217079
13240778
6094092
566625
13745433
8991164
3491083
8359830
3013617
8472308
9730905
10627301
1085023
1012928
15266650
6598934
704118
15157162
7870833
11801859
7047931
5059373
10319686
8225080
2351240
5391625
2421351
14014397
15773371
13713191
4857840
14258519
1628254
16313665
4743534
11259194
8476879
11789749
6757361
10865791
16519436
10018798
2346083
4704062
3682161
14625209
11167558
4331014
10129856
12523955
16317399
16497892
12297747
2381345
2935111
12892736
2357256
9652870
13571032
14875219
4753708
15256832
6338361
14205343
11653031
2341826
16434363
8388677
824089
15206543
14641192
16032512
15375144
6358931
1130218
14506047
8507015
4867023
8464793
6299362
4862588
5024749
12076377
14531041
8961503
16712091
8670505
7489572
3153163
13385823
5627912
1325555
5397867
10441466
14062903
8400886
5741771
8442618
5057008
12542737
6047908
3289766
14737390
13387620
2107841
13212168
1192750
13552619
5843806
11430585
9577489
1957130
3484992
5353568
9347324
15663551
14130488
14620405
897232
1841165
1567393
15862148
4994021
6386183
14556910
11294901
6985092
3897242
11863961
10608134
11260151
9897952
1977275
440628
14973611
8243946
15658135
7516301
5442177
314610
7807971
5041106
8704525
4324885
15334257
11392290
6669273
7701883
1452249
6035218
2105154
422472
15387136
4306215
10890873
10444848
4752075
9737872
13138548
9112822
13969160
9347734
11058701
8462928
15543424
7805356
9380643
378073
13422259
32335
13017556
2594138
9851861
12577931
2562723
14644157
4413518
2454105
4451922
9953970
1728865
14825847
14386847
13609298
6464883
13120170
11372918
16153563
617380
9886057
1175224
4937027
6298445
14404054
8418975
3935250
3953019
12260777
6121388
3656461
877667
13631584
3450489
4198442
8983601
10552099
4977852
5095838
2626818
14357203
9631684
1921246
8579458
5626065
11623066
1684358
14893554
5858496
11878938
16190247
14124525
15083666
14316246
13709664
8990236
8596466
7196317
9606537
4066710
1265027
7977015
2500643
3020989
14733269
14170134
2241136
6311312
10563705
9641552
8027389
4443548
10882786
10837866
4846755
16081261
11567336
10136310
1309996
4752798
1217831
3427589
13130682
2784218
10671718
7470844
16157979
4130258
6890442
44081
11406494
1223388
12384330
3869709
11192334
12335496
9622227
101986
7001615
3642467
6107843
3067481
14997820
2638326
14587223
15463521
13838841
14482613
8633988
8014374
15895544
1549174
9323344
9645450
16388541
12492602
5714188
5070388
14394442
6822701
2148229
11661578
14401221
10770450
5328002
8732359
11343828
4851731
6182558
12536391
9087400
6795993
11539008
245413
3163090
9513718
3067394
15411826
1281989
9299155
1269318
8100800
11648271
12730966
106344
7042181
6081682
11115179
13956807
10509388
15445519
14931571
3235467
1895752
53228
2204096
2892273
4408341
4022806
1994184
15726447
14102792
5547563
10441074
2368456
5478855
9274203
10265241
3136655
11127401
8482866
3434586
779780
13710129
4439773
7262221
2897232
12483295
14955004
13384657
5684742
6916243
8659961
15205663
5433183
12101400
15634469
5826387
7955035
11506241
7794353
230712
8561519
14522740
4039176
11586604
16073882
7412357
6747150
16167919
14838547
11265687
8762834
2409984
2693188
14618653
16076006
3841538
5073867
16225117
16183681
2143830
6884474
12831980
1728436
5090134
692628
16229848
3039571
12096840
9336248
16729849
12086702
2487392
3393800
4375278
1361776
8344395
5433181
6038842
15749507
11911747
1296921
236538
6873751
14141089
1236962
12876937
7968942
10688468
16108120
5359439
15758983
1461289
16284488
4319887
3762151
4081690
3481629
12396172
2116323
1422937
1612645
13635953
5866400
7011967
6958076
5170423
1724034
13896107
16572610
1439922
14249682
1796159
12111749
12564198
16322326
12319442
3503327
737399
5237231
15950644
316242
6402788
3248414
1000805
7566155
16708181
12630693
16478683
10510389
2877015
12442806
11221342
202271
11354269
3764472
14560878
14298401
6211695
11244573
15998624
9450835
4632006
14689052
2266882
14757740
13722994
11017664
8888949
488998
12984567
3853115
1435718
13408404
2838373
10709948
11568069
7841165
16536347
7235807
3278235
825170
3210125
16719938
12128531
3569046
11707719
13916471
4031740
12321445
2149872
12440545
12900951
11842948
718755
14474091
14071285
1996252
14857530
16358531
16494477
230355
11609499
11809792
16320874
11613490
14756127
16621721
15037816
13030989
11988529
6191691
11504653
16545541
5705437
11224754
9165119
8775423
6812413
5645754
11610102
15907273
14388524
9407344
9395009
14202799
14454256
2614550
10462857
6148619
6025925
9297020
5807379
6710494
6605250
6957465
14084327
13067482
16180523
11163039
4372239
7696625
6471917
8200662
2274930
7129623
1255715
3289277
14518327
15949265
7611410
2280486
7434082
9307247
9413792
8967357
851370
10196343
1861128
14713074
8906127
11119298
812683
8840963
2313272
15566574
16224039
8152538
15596390
6930534
4396444
7871857
14418316
10508233
5071159
10947763
10376833
7703851
12685962
2301557
10302868
4918948
15317051
8894282
1841113
15098080
5113318
12225641
15228067
2224759
3864710
12285366
9084146
9804728
14010541
1930982
16274887
14447954
14566146
11816500
1669235
13212954
12149649
4312021
15677926
12160949
13612172
41850
6099799
8427991
4305818
5853775
5763462
688870
15058261
11864223
6317197
12372746
11936458
7990042
11421987
14566940
770283
2869200
5415470
2058059
5838772
8018084
11286422
15755893
3672571
14841617
14887208
8908124
16114585
910529
13888827
6187065
9931697
7236937
1521243
11243117
16578568
8555905
5485759
12760245
13111147
13379107
12160763
7060248
15774902
4304612
15718085
3290912
9748478
8618050
13124044
11968039
14230786
7319405
8612719
15249537
10226719
1124112
10314127
6685150
1161647
7659105
10812060
12231697
14805223
9079727
5339078
15996862
4114153
16183363
16550035
12600816
11151148
2042482
14414985
14846732
15114264
6220234
12211508
11666238
13105669
1386025
10332058
12560842
8754861
12031606
16218699
8466805
14210806
5544050
8409555
14989913
3199040
3580698
8075303
10932508
9180269
4255156
4301884
4056216
15372730
8020416
7003685
14205289
11666166
4718559
6172240
11346275
8618465
4315620
8581472
5246843
16403675
5707268
1481133
13837876
8044205
3462904
12350470
9368099
9886853
8417476
7535001
10344178
1185336
11865659
10069233
14238592
5423255
14045444
10761020
3207676
13843129
9748252
196152
3964495
16192356
9958341
8298945
13880002
4256021
2803408
877995
8204149
7396152
3024480
3121785
11117865
9008760
13551811
13421580
13233221
7310723
15465206
7603608
11628072
14765545
14581485
6068803
6614825
2515544
5499026
12344621
9934125
10322595
11173999
7734679
966388
7706159
3301790
16055465
7598775
13073198
5564217
8131837
1709795
10836118
10905062
11233214
4414749
4036618
5470457
12266546
5229017
1807590
5005224
2851195
876144
14442625
4107776
9719475
6891788
4923538
1955113
3944270
3691222
9488968
13515072
3837008
6276455
4780213
5524271
15005984
7768345
12704024
2179673
14373489
14261956
1944270
11402941
16333084
14800291
4376336
1272814
699930
5145828
16703941
8951485
16496747
1609632
50632
5754497
13057749
10644647
14855701
6617940
13425974
2054275
15620201
12210531
13566483
6436471
4227695
2607938
7706012
14887278
4759411
14963551
155779
3256230
11080196
3991294
1388938
13379894
2986332
5353040
9683134
8978152
2273132
2762526
15530081
15324379
1978944
3190510
5074516
2047711
11319576
6278223
6707317
14202671
8259819
11076659
6897406
9344414
5194118
11516464
6152885
1944801
7173962
1038281
3891096
5959714
14698482
5328815
5702444
5778963
1914345
13289356
10801349
515210
4103628
8752970
7795786
12469528
10117889
2827734
3644400
7990523
11982472
1114272
11449255
5374481
13408549
1082177
7833697
1723752
5944586
6603144
2496779
5724437
3974274
13330263
14635352
7935446
919067
1617039
1465961
6421120
13363799
14934609
1986398
1929539
3022963
1331739
3579403
11925694
14917997
16070647
14741589
5217350
13514928
9159191
9980386
12345159
9210656
9923034
8347702
11802532
11064949
15755589
3038454
15949900
13590610
15633061
4837631
9337298
10592866
605517
11498781
10381261
13672718
7277042
4800976
13509317
15245545
4628193
15806315
3816590
1342978
14264072
12091246
16171252
6642646
570142
10155667
9840935
12793575
11718816
193582
7480195
11695846
2495534
6652035
3477499
12697896
9468386
16315530
1578057
999883
700415
16106487
16142103
965317
16413752
3246161
9040366
4482346
9711219
16178577
13910778
9871538
1533940
13488481
7864136
10438043
5035460
923299
8038914
6665541
6564534
1361788
4863243
1978488
13710870
10156682
8367973
13813680
14350304
14103539
9756882
15844479
9273037
12824850
10783945
2799397
3951900
8350055
15019244
11483603
15018172
10038521
5758785
639823
11481273
14739956
14144204
9382932
1915162
12340228
5259744
199151
4276683
1560349
6785447
8969401
10929309
6359242
10453278
2229016
14931661
6351238
5427362
5799959
2939830
1223794
612176
15774909
2380349
7014894
15446042
12805730
15160794
13552429
4768464
7643708
1925936
12357594
3320706
7870507
13684823
15581796
1498141
1413909
15420849
9691639
9831600
5054959
10883681
10450927
12125184
3873848
5355520
4294053
2010233
5128494
2487270
5017944
4593155
8845174
6379168
4310150
9975884
9732345
9631292
1175305
13941392
11633156
3981491
8043516
14213916
10943220
4318574
2571448
7607679
9995589
6397757
15509748
682640
12076481
16105227
10122560
11134525
9305415
3636030
14702235
8761498
1223702
11217552
9522052
9569746
3386711
6070978
8151329
1251058
8372047
11968331
11613531
13155691
13635756
13165961
3836643
7983808
13489767
13546969
1721226
9951212
15002586
2038128
13483276
6530797
11322707
10875331
1559489
14236921
8450362
3404725
13330317
9240795
15187357
317849
9611755
6664757
10844833
551736
4706102
12571306
4645625
4048673
5394030
6381182
13015549
3016971
13753169
10483892
11035854
2616060
1717890
11916184
15564204
13295550
991813
16018554
12188502
15185275
2361440
9319005
693447
7032121
11663844
9644951
5096884
13511814
798762
2705478
11062227
2211055
5430177
14719199
16717638
10772220
4042028
411505
13681391
12312385
6875450
16534942
12884167
10780307
6179052
8370485
7929776
14530610
1678967
14172260
16290682
1366362
1474004
1915093
4412433
5306923
2685739
5324751
5642219
7727180
11622452
2562240
6167520
2867895
5577078
13191991
12266823
11871717
419734
8572621
2941084
14222720
7617019
8686249
1593764
5322995
2226236
13388464
3450998
16086590
3256469
6748517
1482812
744022
12974040
3065076
1391672
10982898
3241376
4940311
5308846
1704344
12869630
11378068
5289502
7306284
9452659
11085167
3905600
8322528
6477514
13628309
14893189
13869555
6101452
15090207
2162475
14580902
12276233
4626503
2937148
3023074
7168680
12433282
2375827
15910310
6592998
3114521
15224721
6611516
10163640
3719554
14901922
2042063
12029333
12407165
1194377
3415344
14149724
4111078
6026561
12211691
13393690
5159147
6346494
14896957
15901410
13352816
10916073
2690626
11834810
12467378
5146146
8183886
12034527
13035444
9258226
11825679
8972612
7066363
7628461
12510072
9094552
11425092
14627254
4380521
298054
10674108
11159996
8078303
4687346
15072742
14629292
15580486
14424045
13920902
13139921
14931184
3704435
8673773
2606892
13334012
1210541
11482173
14923393
13013560
10269477
3883962
14914271
5446754
2968886
2005125
11967841
1377690
3258431
15040800
683873
11999959
8091793
13331587
16737788
6519122
4241524
2360090
7153394
1759848
11539433
5769320
15711505
7277872
6883858
10957041
14800432
7757250
5999795
14323121
11483144
9705155
10909032
5506619
8349535
3874258
15670621
10273643
8369357
5042062
9668362
13524262
12521915
7979427
13660580
15079653
11348459
12892431
5257183
10224520
7061460
5321288
13142601
12138553
867053
9873298
2920231
14965888
1566691
5981627
14637047
13613110
13525602
6511208
1852962
8530955
11954407
11703575
16168954
10257517
13499504
14452830
4815947
16565197
12984947
12934329
15538459
9822324
14846060
7174244
16768956
11544243
15597743
8685984
7564033
504100
9113362
1673001
14983805
12172952
7989542
8845738
12507590
2378530
11646434
2169
1573642
1761106
2437963
12568887
7480375
6960137
7340543
4789338
10999112
10067326
7812073
10294418
9626182
13554087
16480127
3481049
13140627
12182466
8467846
9123607
13981387
1741008
4700194
6981537
9775729
258658
1499192
10871271
7909913
9313417
11479137
8248822
2607146
1737020
4692306
15676876
8671899
6703880
7006008
15447100
2295129
14042598
4446907
3259275
9723126
13403839
13438262
8317181
1939623
11675167
12850908
10176006
16251097
16031730
13788719
11145870
13665319
6049369
1089637
13934892
8169120
8798354
5182884
10460133
6617114
7416578
5920467
4872487
9950818
6573068
6438618
7633014
10839549
2494242
6098591
15052042
16068411
1909662
11038548
4686844
15305227
7410761
3148256
4374300
349181
16631655
3218090
16045677
13720689
7041541
1129484
15722615
4665715
11421303
12952986
12538971
14188300
8663591
8367350
14712918
13648727
2249590
8091762
3635302
1059128
11487657
9929863
11941371
14268250
7296983
12007111
1337837
16409608
5915613
13434509
2014690
11822651
951628
12187477
1859132
14803187
11714343
13245934
4684560
10141240
997510
4557314
963389
9214641
11711568
11682134
7445445
7975148
6437966
7972632
16177902
2818434
16166852
7463684
582626
15543988
6408694
6147523
6918732
1219472
9795231
865477
14339616
8351244
12233260
14870064
16509821
12861770
11838524
2401362
14363311
6374828
11386448
10612875
7077479
60898
8193427
14461769
1046450
10580615
5726607
10705309
14969486
808722
1774859
13408631
12102621
12873844
4234113
6457522
11455082
8055023
9881587
15090810
1833696
9391707
2697973
2907806
9568334
2557706
8758162
16007738
14098371
7657869
1265540
6237398
8215648
3314754
973300
14030693
1812247
16265055
8098969
14766491
13478926
11822336
7926116
2198647
9525361
524051
2866781
11658776
10864644
12735940
7492502
6888627
14004009
3510891
2867617
986142
12849580
13507376
15154977
8417024
7454408
2864707
12061267
15572921
13837247
12150594
5287995
14306046
4309249
7530141
10472961
2128260
6561266
12721584
3392116
12654294
2020382
9825077
12199300
14387568
3649991
7421591
278904
8574660
7606394
1816681
11055954
8722967
7916107
5289111
9046386
10577921
2748226
6426442
7173469
14147041
3773011
7518596
9006526
16138771
13055777
8830593
4257855
4925540
11605847
14060684
16294650
14311330
8065949
15145041
11895059
5665636
7267951
2239152
13600028
3531840
3789624
5808614
16350579
9139130
16651504
12891444
7251851
1193307
8115561
15310149
16061210
15523193
13772394
6892020
10994398
294518
6127770
9507124
3936192
14950506
1943779
6497246
11397599
8090743
3260084
9935094
16482771
2722407
6354456
4474405
1922103
6670309
11951997
2105301
1630470
9423468
15348016
9407867
15350473
10362927
3473389
7429722
7937956
190768
4122327
1307929
9186607
1398924
7983942
12115282
1496716
1366931
16609155
5886736
4956304
15570449
7131647
10751539
6495348
12741209
15589671
6414718
357372
2808347
15586744
1027007
13612937
2267236
6991093
13267295
3342667
8531292
16636218
12754409
2537627
7679684
12411430
13930000
4833219
13241059
8835409
12088168
9727548
13972696
3926523
6119922
5662410
214635
15463975
13314207
14685648
10025358
2061944
5293751
10601267
5868360
9962432
2343632
3941505
6400718
6913245
5410218
73112
6321275
1544124
9727986
13883127
5875840
946362
1592498
15935923
5584041
9331726
16292475
9452807
4326341
10835730
8078276
14308292
2578425
9802122
12266540
3011163
16546035
5249645
6374563
11602781
14060360
15992149
16504679
16013994
5538902
10112229
12557981
301850
4844575
10890124
8541238
14904529
7991608
13924027
2766496
3317075
7370647
5522069
9358524
775256
8800254
15896818
14550129
4208770
397145
2616408
8060181
8613986
13483281
10524723
13039522
4526991
2060980
15505806
1179692
13371926
12330858
6359284
4999514
3725652
14502096
534103
15699633
10166003
16114294
6425005
3439826
5514796
133253
16739775
10609226
7536817
16768748
4118728
2221237
12545900
7735373
2412064
1993790
11996422
13072835
689944
4464154
11840230
6865177
16418554
6436414
5245822
2167799
1867115
10120674
8483663
10207906
14192672
4481881
15166596
4223811
7392299
8150924
11617994
82271
8256023
12542486
12716331
914115
5196993
1687504
10355894
2098951
10578164
3174622
3608576
16206634
1614580
13918173
6834084
7077102
9569751
11565107
7579851
347505
943789
14564441
10433104
13255383
3393365
3133230
10514338
3953560
11109924
11235427
11713511
13771239
4791316
5688777
6339131
9239324
14382575
4689979
1853818
3385512
8164063
3050262
7098444
2094532
3542284
3033797
10624049
14363897
7758250
5949218
12471104
9597661
2589910
14916686
10695876
11140671
7697246
3897693
11198580
2791473
162495
10773130
15869204
6496163
15867575
1385157
16517846
12259008
10332306
15460697
6149574
14082965
8408497
14242364
9564263
10833660
10830648
12301477
6126151
13371548
11728249
13469004
7965549
2938409
11666817
10596039
15141014
9662963
11118728
10981978
1109153
15672092
257241
16581768
13091766
11573369
11724599
1753522
5876868
13081386
2914238
15582723
13001402
7135143
807387
1823797
14095595
1814860
3983052
14744230
10800281
11731454
2760922
3425825
15485203
9238275
11876277
12930691
8340565
8633601
2652872
3084124
5838815
16215376
8245053
7861692
7085861
198755
14782048
12379494
13724946
6342673
3132894
16358194
1611669
9314710
3199093
14784699
12652013
6094367
5122473
13807285
9789255
9890805
13687029
16237127
1727902
13688748
8991942
14831330
16321974
12246778
118909
525155
10681748
6477030
1725589
6362387
6908762
1694104
14513046
7091648
10483109
7614855
5119410
3431513
9591696
7683972
7530596
11918003
13894682
15081789
7427670
5250722
4132617
3487706
6610639
7564791
6323204
4661934
8685574
2907971
10340032
15885705
13303950
12518806
5379002
7100732
16629977
9469617
13761354
579431
6472838
15043856
4371034
13517936
519372
1139489
12859647
1538830
10547310
5525239
13812556
4304516
1909360
12821498
7420040
2478298
13444514
1147105
14749713
1294974
4770606
4851496
12327392
11146022
10859021
11889803
14979996
8399517
14492048
12813951
16722694
13954187
8646614
11654900
2614026
12418095
14997143
11125684
2512611
7751330
4280428
12676967
8719667
12806976
11436694
14989779
3727128
12821527
15654031
13921298
1464231
9209804
11672010
16127538
1880286
4044578
498977
16027893
15026342
2741491
13378232
623436
7687876
9836862
12815984
10431466
6771503
6109047
13707418
12760567
10323696
2022877
15348517
12013440
16715499
375257
3822921
52727
15808970
6336870
10775489
14954138
4616609
6223481
14319638
16572289
8398378
9806910
5379637
13922806
5176829
5743474
8334018
16388567
10498652
9286437
16359971
4821037
10297475
237004
6415135
989362
13148496
15295162
11191465
9790344
9330803
14376138
8769350
16393709
15002967
9236532
3860563
15072907
13779175
6435993
1824709
11117893
13845563
1611572
6052643
10238512
1686756
9369511
2315787
1673141
12881024
4829661
10877237
13982302
4356952
12278919
13636814
1968686
13592056
11893577
8335903
12931401
4241853
4312488
419867
11515878
4700467
6591755
10971423
7185725
8732510
13925773
13101759
6123692
5886018
394447
3595353
74501
3652079
5872234
2511947
12665563
6464005
5012517
1576278
907786
5382656
16559798
8238147
5485138
4089224
1100965
9909966
5306133
15957229
4368870
4695299
15655560
10331644
11925580
6261736
12601469
7880741
507574
2587184
3103546
15056418
5721024
3326398
8119593
8942020
13194827
14249901
13022899
15076125
11260682
5563771
6345095
12162189
7425765
1563874
2965215
9150369
10447895
13632844
7306355
14053669
8091583
12244519
14572820
